25
2000000000000000000000000
0000000000000000000000000
0000000000000000000003011
0000000000000000000000011
0000000000000000000000011
1111011110111100011111111
0000000000000000000000111
0000000000000000100000011
0000000000000000010000011
0000000000000000100000011
0000000000000000000000000
0000000000000010000000000
0000000000000000000000000
0000000001000000000000000
0000000000000000000000000
0000000000000000000000000
0000000000000000000000000
0000000000000000000000000
0000000000000000000000000
0000000000010000000000000
0000000000000000010000000
0000000000000000000000000
0000000000000000000000000
0000000000300000000000000
0000000000000000000000000