30
210003001000000000000000000000
010000000000000000000000000000
000000001000000000000000000000
111111111000000000000000000000
000000000000000000000000000000
000000000000000000000000000000
000000000000000000000000000000
000000000000000000000000000000
000000000000000000000000000000
000000000000000000000001000000
000000000000000000000000000000
000000000000000000000000000000
000000000000000000000000000000
111111100000000000000000000000
000030100000000000000000000000
000000000000000000000000000000
000000100000000000000000000000
111111100000000000000000000000
000000000000000000000000000000
000000000000000000000000000000
000000000000000000000000000000
000000000000000000000000000000
000000000000000000000000000000
000000000000000000000000000000
000000000000000000000000000000
000000000000000000000000000000
000000000000000000000000000000
000000000000000000000000000000
000000000000000000000000000000
000000000000000000000000000000